TOP_X: [0.40625 0.446875 0.48958333 0.53645833 0.58541667 0.62604167 0.69895833]
TOP_Y: [0 0 0 0 0 0 0]
BOTTOM_X: [0 0 0.33541667 0.72708333 1 1 1]
BOTTOM_Y: [0.56296296 0.98333333 1 1 0.88888889 0.44814815 0.22222222]
